 1.57038506e-18
 1.61357549e-18
 7.39858396e-19
 2.71525951e-18
 -6.35016386e-18
 1.27170310e-18
 1.93383407e-17
 4.14386665e-18
 9.80907727e-19
 9.71943275e-18
 1.61357549e-18
 3.49339379e-18
 2.91015417e-17
 -9.88058195e-16
 3.95118639e-16
 2.52347231e-15
 5.65431259e-17
 1.85881144e-18
 4.57535160e-17
 1.61357549e-18
 1.25990786e-17
 2.44707599e-16
 -1.31370758e-13
 5.18920274e-14
 2.39255042e-13
 5.84245691e-16
 3.61461888e-18
 1.96765634e-16
 1.61357549e-18
 4.16062903e-17
 1.91863624e-15
 -1.15869780e-11
 5.55299963e-12
 2.01141744e-11
 5.47842544e-15
 7.12623374e-18
 6.45430195e-18
 5.96858611e-18
 1.68793431e-17
 2.90789921e-16
 1.31507574e-16
 1.68717382e-16
 2.53229918e-17
 5.50032188e-18
 3.82691998e-18
 9.53558313e-18
 3.02795343e-16
 1.21782358e-16
 1.10547929e-16
 1.32939904e-17
 2.63245937e-18
 1.03258097e-17
 1.46134689e-16
 6.57169914e-17
 9.19344173e-17
 1.40768568e-17
 2.97433226e-18
 5.28590916e-16
 2.28031014e-16
 2.77049820e-16
 3.98324998e-17
 8.13112756e-18
 3.09760013e-16
 3.69278646e-15
 7.76225963e-16
 1.80289000e-16
 1.69924073e-15
 3.36272319e-16
 7.74766081e-17
 3.99523891e-16
 8.62733950e-17
 1.17907280e-17
 6.45430195e-18
 2.58172078e-17
 1.95631402e-17
 2.98926495e-17
 1.38764427e-16
 7.95539825e-17
 5.43294936e-14
 1.79554084e-15
 1.08904446e-14
 7.78871822e-16
 1.49676161e-14
 8.57597565e-16
 2.72012638e-16
 1.18787018e-16
 1.04457250e-17
 2.51546695e-17
 9.45314697e-18
 3.82691998e-18
 5.87563585e-17
 9.53558313e-18
 5.70678412e-14
 3.02795343e-16
 9.20282918e-15
 1.21782358e-16
 7.58086874e-15
 1.10547929e-16
 1.08393846e-16
 1.32939904e-17
 4.80354067e-18
 2.63245937e-18
 9.24717599e-17
 3.44800115e-17
 2.91044067e-14
 6.91265332e-16
 5.69536702e-15
 2.88254309e-16
 8.61996118e-15
 3.22763795e-16
 1.57470162e-16
 4.38135938e-17
 5.54574576e-18
 8.69980883e-18
 1.03686714e-13
 5.69924500e-15
 1.89387241e-14
 2.33719171e-15
 2.41438952e-14
 2.41927356e-15
 4.19614772e-16
 3.13850386e-16
 1.51471064e-17
 5.95276536e-17
 8.15823960e-14
 7.85522264e-14
 4.80194142e-13
 7.13504419e-13
 1.06099482e-14
 1.46783919e-13
 3.39851275e-16
 3.33890621e-14
 2.04794930e-13
 1.46081437e-13
 4.41009403e-15
 2.71640364e-14
 1.45335180e-16
 6.11017000e-15
 4.51471566e-15
 3.38376692e-14
 1.60442730e-16
 6.96042149e-15
 2.15351163e-17
 1.16059616e-16
 6.45430195e-18
 2.58172078e-17
 1.03268831e-16
 6.11467046e-17
 8.94316911e-17
 1.31607208e-16
 1.06483352e-15
 5.99774230e-16
 3.42289150e-16
 1.02394137e-11
 3.33881427e-13
 8.44692565e-15
 8.94090573e-13
 6.21817187e-14
 3.62117034e-15
 1.21782262e-12
 6.96179182e-14
 3.79584633e-15
 2.58241094e-15
 1.17973082e-15
 5.10138172e-16
 2.03365311e-17
 4.78038582e-17
 1.06925442e-16
 2.43042150e-17
 9.45314697e-18
 3.82691998e-18
 3.77766917e-16
 5.87563585e-17
 9.53558313e-18
 1.08013981e-11
 5.70678412e-14
 3.02795343e-16
 6.96336584e-13
 9.20282918e-15
 1.21782358e-16
 5.20543581e-13
 7.58086874e-15
 1.10547929e-16
 8.82738853e-16
 1.08393846e-16
 1.32939904e-17
 9.14570326e-18
 4.80354067e-18
 2.63245937e-18
 7.42171264e-16
 2.86034589e-16
 1.09587719e-16
 5.83628562e-12
 1.37413523e-13
 2.50200943e-15
 4.84883481e-13
 2.36098579e-14
 1.01426917e-15
 7.22989701e-13
 2.69369040e-14
 1.04133422e-15
 1.52568847e-15
 4.40965560e-16
 1.32899338e-16
 1.06885728e-17
 1.60030479e-17
 2.53666445e-17
 2.04754019e-11
 1.12172041e-12
 4.82424234e-14
 1.55934983e-12
 1.87104519e-13
 1.93920535e-14
 1.95136744e-12
 1.90845367e-13
 1.89704135e-14
 3.96759907e-15
 2.98915335e-15
 2.34875323e-15
 2.91790640e-17
 1.09088449e-16
 4.22400036e-16
 1.04713328e-11
 1.72747935e-11
 1.98693541e-11
 4.55549805e-11
 9.20954604e-11
 1.39320022e-10
 1.10052644e-13
 2.00587663e-12
 2.80069607e-11
 6.58975823e-16
 6.26329649e-14
 6.22950401e-12
 1.89342833e-11
 1.65390504e-11
 1.23591389e-11
 4.50400511e-14
 3.44082829e-13
 2.18619407e-12
 2.81052325e-16
 1.13651788e-14
 4.81300650e-13
 4.37770424e-14
 3.46083625e-13
 2.68498558e-12
 3.08781401e-16
 1.28084470e-14
 5.35055255e-13
 4.10238929e-17
 2.10037568e-16
 1.05503347e-15
